gen,idx,k,score,closed_edges,run_dir,tripinfo
1,0,2,237.88875,E16;E36,D:\PSPS\runs_A_k4_3od_x0.8_pm01k0\none_seed3\g001_i000,D:\PSPS\runs_A_k4_3od_x0.8_pm01k0\none_seed3\g001_i000\tripinfo.xml
1,1,1,248.18,E8,D:\PSPS\runs_A_k4_3od_x0.8_pm01k0\none_seed3\g001_i001,D:\PSPS\runs_A_k4_3od_x0.8_pm01k0\none_seed3\g001_i001\tripinfo.xml
1,2,4,249.84,E10;E22;E27;E8,D:\PSPS\runs_A_k4_3od_x0.8_pm01k0\none_seed3\g001_i002,D:\PSPS\runs_A_k4_3od_x0.8_pm01k0\none_seed3\g001_i002\tripinfo.xml
1,3,3,235.19875,E11;E23;E38,D:\PSPS\runs_A_k4_3od_x0.8_pm01k0\none_seed3\g001_i003,D:\PSPS\runs_A_k4_3od_x0.8_pm01k0\none_seed3\g001_i003\tripinfo.xml
1,4,1,259.63375,E43,D:\PSPS\runs_A_k4_3od_x0.8_pm01k0\none_seed3\g001_i004,D:\PSPS\runs_A_k4_3od_x0.8_pm01k0\none_seed3\g001_i004\tripinfo.xml
1,5,2,246.3,E24;E31,D:\PSPS\runs_A_k4_3od_x0.8_pm01k0\none_seed3\g001_i005,D:\PSPS\runs_A_k4_3od_x0.8_pm01k0\none_seed3\g001_i005\tripinfo.xml
1,6,3,255.52,E15;E19;E26,D:\PSPS\runs_A_k4_3od_x0.8_pm01k0\none_seed3\g001_i006,D:\PSPS\runs_A_k4_3od_x0.8_pm01k0\none_seed3\g001_i006\tripinfo.xml
1,7,1,239.0875,E7,D:\PSPS\runs_A_k4_3od_x0.8_pm01k0\none_seed3\g001_i007,D:\PSPS\runs_A_k4_3od_x0.8_pm01k0\none_seed3\g001_i007\tripinfo.xml
1,8,3,254.78375,E10;E16;E26,D:\PSPS\runs_A_k4_3od_x0.8_pm01k0\none_seed3\g001_i008,D:\PSPS\runs_A_k4_3od_x0.8_pm01k0\none_seed3\g001_i008\tripinfo.xml
1,9,1,242.56375,E45,D:\PSPS\runs_A_k4_3od_x0.8_pm01k0\none_seed3\g001_i009,D:\PSPS\runs_A_k4_3od_x0.8_pm01k0\none_seed3\g001_i009\tripinfo.xml
1,10,0,228.43,,D:\PSPS\runs_A_k4_3od_x0.8_pm01k0\none_seed3\g001_i010,D:\PSPS\runs_A_k4_3od_x0.8_pm01k0\none_seed3\g001_i010\tripinfo.xml
1,11,1,242.34875,E14,D:\PSPS\runs_A_k4_3od_x0.8_pm01k0\none_seed3\g001_i011,D:\PSPS\runs_A_k4_3od_x0.8_pm01k0\none_seed3\g001_i011\tripinfo.xml
1,12,1,242.8575,E38,D:\PSPS\runs_A_k4_3od_x0.8_pm01k0\none_seed3\g001_i012,D:\PSPS\runs_A_k4_3od_x0.8_pm01k0\none_seed3\g001_i012\tripinfo.xml
1,13,2,240.27875,E32;E7,D:\PSPS\runs_A_k4_3od_x0.8_pm01k0\none_seed3\g001_i013,D:\PSPS\runs_A_k4_3od_x0.8_pm01k0\none_seed3\g001_i013\tripinfo.xml
1,14,1,237.925,E16,D:\PSPS\runs_A_k4_3od_x0.8_pm01k0\none_seed3\g001_i014,D:\PSPS\runs_A_k4_3od_x0.8_pm01k0\none_seed3\g001_i014\tripinfo.xml
1,15,4,249.73375,E10;E33;E43;E8,D:\PSPS\runs_A_k4_3od_x0.8_pm01k0\none_seed3\g001_i015,D:\PSPS\runs_A_k4_3od_x0.8_pm01k0\none_seed3\g001_i015\tripinfo.xml
1,16,4,235.0925,E16;E42;E43;E6,D:\PSPS\runs_A_k4_3od_x0.8_pm01k0\none_seed3\g001_i016,D:\PSPS\runs_A_k4_3od_x0.8_pm01k0\none_seed3\g001_i016\tripinfo.xml
1,17,1,241.96125,E17,D:\PSPS\runs_A_k4_3od_x0.8_pm01k0\none_seed3\g001_i017,D:\PSPS\runs_A_k4_3od_x0.8_pm01k0\none_seed3\g001_i017\tripinfo.xml
1,18,3,241.5075,E10;E36;E4,D:\PSPS\runs_A_k4_3od_x0.8_pm01k0\none_seed3\g001_i018,D:\PSPS\runs_A_k4_3od_x0.8_pm01k0\none_seed3\g001_i018\tripinfo.xml
1,19,1,237.925,E16,D:\PSPS\runs_A_k4_3od_x0.8_pm01k0\none_seed3\g001_i019,D:\PSPS\runs_A_k4_3od_x0.8_pm01k0\none_seed3\g001_i019\tripinfo.xml
1,20,1,259.63375,E43,D:\PSPS\runs_A_k4_3od_x0.8_pm01k0\none_seed3\g001_i020,D:\PSPS\runs_A_k4_3od_x0.8_pm01k0\none_seed3\g001_i020\tripinfo.xml
1,21,1,242.8575,E38,D:\PSPS\runs_A_k4_3od_x0.8_pm01k0\none_seed3\g001_i021,D:\PSPS\runs_A_k4_3od_x0.8_pm01k0\none_seed3\g001_i021\tripinfo.xml
1,22,4,250.69,E10;E13;E25;E4,D:\PSPS\runs_A_k4_3od_x0.8_pm01k0\none_seed3\g001_i022,D:\PSPS\runs_A_k4_3od_x0.8_pm01k0\none_seed3\g001_i022\tripinfo.xml
1,23,1,238.40875,E32,D:\PSPS\runs_A_k4_3od_x0.8_pm01k0\none_seed3\g001_i023,D:\PSPS\runs_A_k4_3od_x0.8_pm01k0\none_seed3\g001_i023\tripinfo.xml
2,0,0,228.43,,D:\PSPS\runs_A_k4_3od_x0.8_pm01k0\none_seed3\g002_i000,D:\PSPS\runs_A_k4_3od_x0.8_pm01k0\none_seed3\g002_i000\tripinfo.xml
2,1,4,247.01,E13;E24;E30;E7,D:\PSPS\runs_A_k4_3od_x0.8_pm01k0\none_seed3\g002_i001,D:\PSPS\runs_A_k4_3od_x0.8_pm01k0\none_seed3\g002_i001\tripinfo.xml
2,2,4,207.11875,E14;E21;E25;E8,D:\PSPS\runs_A_k4_3od_x0.8_pm01k0\none_seed3\g002_i002,D:\PSPS\runs_A_k4_3od_x0.8_pm01k0\none_seed3\g002_i002\tripinfo.xml
2,3,4,234.6625,E14;E20;E25;E7,D:\PSPS\runs_A_k4_3od_x0.8_pm01k0\none_seed3\g002_i003,D:\PSPS\runs_A_k4_3od_x0.8_pm01k0\none_seed3\g002_i003\tripinfo.xml
2,4,4,228.43,E3;E36;E39;E45,D:\PSPS\runs_A_k4_3od_x0.8_pm01k0\none_seed3\g002_i004,D:\PSPS\runs_A_k4_3od_x0.8_pm01k0\none_seed3\g002_i004\tripinfo.xml
2,5,4,226.5625,E16;E21;E24;E35,D:\PSPS\runs_A_k4_3od_x0.8_pm01k0\none_seed3\g002_i005,D:\PSPS\runs_A_k4_3od_x0.8_pm01k0\none_seed3\g002_i005\tripinfo.xml
2,6,4,239.945,E16;E24;E35;E41,D:\PSPS\runs_A_k4_3od_x0.8_pm01k0\none_seed3\g002_i006,D:\PSPS\runs_A_k4_3od_x0.8_pm01k0\none_seed3\g002_i006\tripinfo.xml
2,7,4,220.39625,E16;E21;E41;E45,D:\PSPS\runs_A_k4_3od_x0.8_pm01k0\none_seed3\g002_i007,D:\PSPS\runs_A_k4_3od_x0.8_pm01k0\none_seed3\g002_i007\tripinfo.xml
2,8,4,209.46625,E1;E11;E25;E33,D:\PSPS\runs_A_k4_3od_x0.8_pm01k0\none_seed3\g002_i008,D:\PSPS\runs_A_k4_3od_x0.8_pm01k0\none_seed3\g002_i008\tripinfo.xml
2,9,4,253.93375,E23;E32;E42;E43,D:\PSPS\runs_A_k4_3od_x0.8_pm01k0\none_seed3\g002_i009,D:\PSPS\runs_A_k4_3od_x0.8_pm01k0\none_seed3\g002_i009\tripinfo.xml
2,10,4,218.03125,E16;E27;E6;E7,D:\PSPS\runs_A_k4_3od_x0.8_pm01k0\none_seed3\g002_i010,D:\PSPS\runs_A_k4_3od_x0.8_pm01k0\none_seed3\g002_i010\tripinfo.xml
2,11,4,258.0125,E14;E26;E34;E4,D:\PSPS\runs_A_k4_3od_x0.8_pm01k0\none_seed3\g002_i011,D:\PSPS\runs_A_k4_3od_x0.8_pm01k0\none_seed3\g002_i011\tripinfo.xml
2,12,4,249.03625,E15;E23;E26;E43,D:\PSPS\runs_A_k4_3od_x0.8_pm01k0\none_seed3\g002_i012,D:\PSPS\runs_A_k4_3od_x0.8_pm01k0\none_seed3\g002_i012\tripinfo.xml
2,13,4,226.78625,E15;E17;E3;E42,D:\PSPS\runs_A_k4_3od_x0.8_pm01k0\none_seed3\g002_i013,D:\PSPS\runs_A_k4_3od_x0.8_pm01k0\none_seed3\g002_i013\tripinfo.xml
2,14,4,251.8325,E11;E16;E24;E7,D:\PSPS\runs_A_k4_3od_x0.8_pm01k0\none_seed3\g002_i014,D:\PSPS\runs_A_k4_3od_x0.8_pm01k0\none_seed3\g002_i014\tripinfo.xml
2,15,4,254.71875,E10;E14;E25;E38,D:\PSPS\runs_A_k4_3od_x0.8_pm01k0\none_seed3\g002_i015,D:\PSPS\runs_A_k4_3od_x0.8_pm01k0\none_seed3\g002_i015\tripinfo.xml
2,16,4,225.01,E11;E17;E27;E7,D:\PSPS\runs_A_k4_3od_x0.8_pm01k0\none_seed3\g002_i016,D:\PSPS\runs_A_k4_3od_x0.8_pm01k0\none_seed3\g002_i016\tripinfo.xml
2,17,4,239.5425,E19;E27;E3;E34,D:\PSPS\runs_A_k4_3od_x0.8_pm01k0\none_seed3\g002_i017,D:\PSPS\runs_A_k4_3od_x0.8_pm01k0\none_seed3\g002_i017\tripinfo.xml
2,18,4,252.1425,E16;E26;E30;E36,D:\PSPS\runs_A_k4_3od_x0.8_pm01k0\none_seed3\g002_i018,D:\PSPS\runs_A_k4_3od_x0.8_pm01k0\none_seed3\g002_i018\tripinfo.xml
2,19,4,254.14875,E13;E16;E34;E43,D:\PSPS\runs_A_k4_3od_x0.8_pm01k0\none_seed3\g002_i019,D:\PSPS\runs_A_k4_3od_x0.8_pm01k0\none_seed3\g002_i019\tripinfo.xml
2,20,4,251.2225,E23;E29;E42;E5,D:\PSPS\runs_A_k4_3od_x0.8_pm01k0\none_seed3\g002_i020,D:\PSPS\runs_A_k4_3od_x0.8_pm01k0\none_seed3\g002_i020\tripinfo.xml
2,21,4,233.0675,E32;E36;E4;E45,D:\PSPS\runs_A_k4_3od_x0.8_pm01k0\none_seed3\g002_i021,D:\PSPS\runs_A_k4_3od_x0.8_pm01k0\none_seed3\g002_i021\tripinfo.xml
2,22,4,230.28625,E14;E21;E34;E7,D:\PSPS\runs_A_k4_3od_x0.8_pm01k0\none_seed3\g002_i022,D:\PSPS\runs_A_k4_3od_x0.8_pm01k0\none_seed3\g002_i022\tripinfo.xml
2,23,4,221.63875,E21;E31;E5;E7,D:\PSPS\runs_A_k4_3od_x0.8_pm01k0\none_seed3\g002_i023,D:\PSPS\runs_A_k4_3od_x0.8_pm01k0\none_seed3\g002_i023\tripinfo.xml
3,0,4,207.11875,E14;E21;E25;E8,D:\PSPS\runs_A_k4_3od_x0.8_pm01k0\none_seed3\g003_i000,D:\PSPS\runs_A_k4_3od_x0.8_pm01k0\none_seed3\g003_i000\tripinfo.xml
3,1,4,204.80375,E11;E20;E21;E41,D:\PSPS\runs_A_k4_3od_x0.8_pm01k0\none_seed3\g003_i001,D:\PSPS\runs_A_k4_3od_x0.8_pm01k0\none_seed3\g003_i001\tripinfo.xml
3,2,4,230.06375,E1;E15;E3;E39,D:\PSPS\runs_A_k4_3od_x0.8_pm01k0\none_seed3\g003_i002,D:\PSPS\runs_A_k4_3od_x0.8_pm01k0\none_seed3\g003_i002\tripinfo.xml
3,3,4,208.43125,E21;E25;E27;E8,D:\PSPS\runs_A_k4_3od_x0.8_pm01k0\none_seed3\g003_i003,D:\PSPS\runs_A_k4_3od_x0.8_pm01k0\none_seed3\g003_i003\tripinfo.xml
3,4,4,216.79875,E1;E25;E35;E39,D:\PSPS\runs_A_k4_3od_x0.8_pm01k0\none_seed3\g003_i004,D:\PSPS\runs_A_k4_3od_x0.8_pm01k0\none_seed3\g003_i004\tripinfo.xml
3,5,4,250.51875,E10;E13;E21;E25,D:\PSPS\runs_A_k4_3od_x0.8_pm01k0\none_seed3\g003_i005,D:\PSPS\runs_A_k4_3od_x0.8_pm01k0\none_seed3\g003_i005\tripinfo.xml
3,6,4,232.05125,E23;E31;E32;E8,D:\PSPS\runs_A_k4_3od_x0.8_pm01k0\none_seed3\g003_i006,D:\PSPS\runs_A_k4_3od_x0.8_pm01k0\none_seed3\g003_i006\tripinfo.xml
3,7,4,253.755,E15;E21;E34;E37,D:\PSPS\runs_A_k4_3od_x0.8_pm01k0\none_seed3\g003_i007,D:\PSPS\runs_A_k4_3od_x0.8_pm01k0\none_seed3\g003_i007\tripinfo.xml
3,8,4,225.1025,E25;E38;E39;E45,D:\PSPS\runs_A_k4_3od_x0.8_pm01k0\none_seed3\g003_i008,D:\PSPS\runs_A_k4_3od_x0.8_pm01k0\none_seed3\g003_i008\tripinfo.xml
3,9,4,231.1625,E14;E21;E24;E25,D:\PSPS\runs_A_k4_3od_x0.8_pm01k0\none_seed3\g003_i009,D:\PSPS\runs_A_k4_3od_x0.8_pm01k0\none_seed3\g003_i009\tripinfo.xml
3,10,4,239.10625,E11;E22;E27;E4,D:\PSPS\runs_A_k4_3od_x0.8_pm01k0\none_seed3\g003_i010,D:\PSPS\runs_A_k4_3od_x0.8_pm01k0\none_seed3\g003_i010\tripinfo.xml
3,11,4,239.91,E17;E33;E41;E45,D:\PSPS\runs_A_k4_3od_x0.8_pm01k0\none_seed3\g003_i011,D:\PSPS\runs_A_k4_3od_x0.8_pm01k0\none_seed3\g003_i011\tripinfo.xml
3,12,4,215.82875,E11;E21;E3;E5,D:\PSPS\runs_A_k4_3od_x0.8_pm01k0\none_seed3\g003_i012,D:\PSPS\runs_A_k4_3od_x0.8_pm01k0\none_seed3\g003_i012\tripinfo.xml
3,13,4,234.80375,E24;E32;E45;E8,D:\PSPS\runs_A_k4_3od_x0.8_pm01k0\none_seed3\g003_i013,D:\PSPS\runs_A_k4_3od_x0.8_pm01k0\none_seed3\g003_i013\tripinfo.xml
3,14,4,246.83125,E16;E21;E36;E4,D:\PSPS\runs_A_k4_3od_x0.8_pm01k0\none_seed3\g003_i014,D:\PSPS\runs_A_k4_3od_x0.8_pm01k0\none_seed3\g003_i014\tripinfo.xml
3,15,4,218.01375,E15;E16;E30;E42,D:\PSPS\runs_A_k4_3od_x0.8_pm01k0\none_seed3\g003_i015,D:\PSPS\runs_A_k4_3od_x0.8_pm01k0\none_seed3\g003_i015\tripinfo.xml
3,16,4,216.25375,E11;E21;E25;E38,D:\PSPS\runs_A_k4_3od_x0.8_pm01k0\none_seed3\g003_i016,D:\PSPS\runs_A_k4_3od_x0.8_pm01k0\none_seed3\g003_i016\tripinfo.xml
3,17,4,230.635,E20;E25;E35;E8,D:\PSPS\runs_A_k4_3od_x0.8_pm01k0\none_seed3\g003_i017,D:\PSPS\runs_A_k4_3od_x0.8_pm01k0\none_seed3\g003_i017\tripinfo.xml
3,18,4,252.62125,E11;E26;E27;E33,D:\PSPS\runs_A_k4_3od_x0.8_pm01k0\none_seed3\g003_i018,D:\PSPS\runs_A_k4_3od_x0.8_pm01k0\none_seed3\g003_i018\tripinfo.xml
3,19,4,271.47375,E11;E29;E3;E33,D:\PSPS\runs_A_k4_3od_x0.8_pm01k0\none_seed3\g003_i019,D:\PSPS\runs_A_k4_3od_x0.8_pm01k0\none_seed3\g003_i019\tripinfo.xml
3,20,4,223.90125,E14;E20;E32;E7,D:\PSPS\runs_A_k4_3od_x0.8_pm01k0\none_seed3\g003_i020,D:\PSPS\runs_A_k4_3od_x0.8_pm01k0\none_seed3\g003_i020\tripinfo.xml
3,21,4,227.85875,E15;E16;E4;E42,D:\PSPS\runs_A_k4_3od_x0.8_pm01k0\none_seed3\g003_i021,D:\PSPS\runs_A_k4_3od_x0.8_pm01k0\none_seed3\g003_i021\tripinfo.xml
3,22,4,247.04875,E10;E20;E22;E7,D:\PSPS\runs_A_k4_3od_x0.8_pm01k0\none_seed3\g003_i022,D:\PSPS\runs_A_k4_3od_x0.8_pm01k0\none_seed3\g003_i022\tripinfo.xml
3,23,4,223.61375,E16;E24;E6;E7,D:\PSPS\runs_A_k4_3od_x0.8_pm01k0\none_seed3\g003_i023,D:\PSPS\runs_A_k4_3od_x0.8_pm01k0\none_seed3\g003_i023\tripinfo.xml
4,0,4,204.80375,E11;E20;E21;E41,D:\PSPS\runs_A_k4_3od_x0.8_pm01k0\none_seed3\g004_i000,D:\PSPS\runs_A_k4_3od_x0.8_pm01k0\none_seed3\g004_i000\tripinfo.xml
4,1,4,232.265,E19;E6;E7;E8,D:\PSPS\runs_A_k4_3od_x0.8_pm01k0\none_seed3\g004_i001,D:\PSPS\runs_A_k4_3od_x0.8_pm01k0\none_seed3\g004_i001\tripinfo.xml
4,2,4,239.7225,E16;E25;E35;E39,D:\PSPS\runs_A_k4_3od_x0.8_pm01k0\none_seed3\g004_i002,D:\PSPS\runs_A_k4_3od_x0.8_pm01k0\none_seed3\g004_i002\tripinfo.xml
4,3,4,232.99125,E27;E31;E35;E8,D:\PSPS\runs_A_k4_3od_x0.8_pm01k0\none_seed3\g004_i003,D:\PSPS\runs_A_k4_3od_x0.8_pm01k0\none_seed3\g004_i003\tripinfo.xml
4,4,4,254.1625,E25;E34;E35;E8,D:\PSPS\runs_A_k4_3od_x0.8_pm01k0\none_seed3\g004_i004,D:\PSPS\runs_A_k4_3od_x0.8_pm01k0\none_seed3\g004_i004\tripinfo.xml
4,5,4,232.40625,E14;E20;E30;E35,D:\PSPS\runs_A_k4_3od_x0.8_pm01k0\none_seed3\g004_i005,D:\PSPS\runs_A_k4_3od_x0.8_pm01k0\none_seed3\g004_i005\tripinfo.xml
4,6,4,240.12375,E13;E20;E34;E8,D:\PSPS\runs_A_k4_3od_x0.8_pm01k0\none_seed3\g004_i006,D:\PSPS\runs_A_k4_3od_x0.8_pm01k0\none_seed3\g004_i006\tripinfo.xml
4,7,4,221.8325,E1;E20;E25;E30,D:\PSPS\runs_A_k4_3od_x0.8_pm01k0\none_seed3\g004_i007,D:\PSPS\runs_A_k4_3od_x0.8_pm01k0\none_seed3\g004_i007\tripinfo.xml
4,8,4,242.91875,E30;E31;E32;E39,D:\PSPS\runs_A_k4_3od_x0.8_pm01k0\none_seed3\g004_i008,D:\PSPS\runs_A_k4_3od_x0.8_pm01k0\none_seed3\g004_i008\tripinfo.xml
4,9,4,217.41,E15;E23;E4;E42,D:\PSPS\runs_A_k4_3od_x0.8_pm01k0\none_seed3\g004_i009,D:\PSPS\runs_A_k4_3od_x0.8_pm01k0\none_seed3\g004_i009\tripinfo.xml
4,10,4,260.47875,E10;E21;E25;E38,D:\PSPS\runs_A_k4_3od_x0.8_pm01k0\none_seed3\g004_i010,D:\PSPS\runs_A_k4_3od_x0.8_pm01k0\none_seed3\g004_i010\tripinfo.xml
4,11,4,204.8725,E1;E21;E41;E6,D:\PSPS\runs_A_k4_3od_x0.8_pm01k0\none_seed3\g004_i011,D:\PSPS\runs_A_k4_3od_x0.8_pm01k0\none_seed3\g004_i011\tripinfo.xml
4,12,4,232.51875,E25;E30;E32;E8,D:\PSPS\runs_A_k4_3od_x0.8_pm01k0\none_seed3\g004_i012,D:\PSPS\runs_A_k4_3od_x0.8_pm01k0\none_seed3\g004_i012\tripinfo.xml
4,13,4,212.24875,E20;E21;E41;E7,D:\PSPS\runs_A_k4_3od_x0.8_pm01k0\none_seed3\g004_i013,D:\PSPS\runs_A_k4_3od_x0.8_pm01k0\none_seed3\g004_i013\tripinfo.xml
4,14,4,237.11625,E14;E21;E23;E24,D:\PSPS\runs_A_k4_3od_x0.8_pm01k0\none_seed3\g004_i014,D:\PSPS\runs_A_k4_3od_x0.8_pm01k0\none_seed3\g004_i014\tripinfo.xml
4,15,4,232.4,E11;E31;E36;E5,D:\PSPS\runs_A_k4_3od_x0.8_pm01k0\none_seed3\g004_i015,D:\PSPS\runs_A_k4_3od_x0.8_pm01k0\none_seed3\g004_i015\tripinfo.xml
4,16,4,238.15375,E11;E19;E41;E7,D:\PSPS\runs_A_k4_3od_x0.8_pm01k0\none_seed3\g004_i016,D:\PSPS\runs_A_k4_3od_x0.8_pm01k0\none_seed3\g004_i016\tripinfo.xml
4,17,4,230.8175,E11;E25;E33;E35,D:\PSPS\runs_A_k4_3od_x0.8_pm01k0\none_seed3\g004_i017,D:\PSPS\runs_A_k4_3od_x0.8_pm01k0\none_seed3\g004_i017\tripinfo.xml
4,18,4,239.55,E25;E26;E38;E8,D:\PSPS\runs_A_k4_3od_x0.8_pm01k0\none_seed3\g004_i018,D:\PSPS\runs_A_k4_3od_x0.8_pm01k0\none_seed3\g004_i018\tripinfo.xml
4,19,4,217.71125,E16;E27;E32;E5,D:\PSPS\runs_A_k4_3od_x0.8_pm01k0\none_seed3\g004_i019,D:\PSPS\runs_A_k4_3od_x0.8_pm01k0\none_seed3\g004_i019\tripinfo.xml
4,20,4,240.07375,E10;E20;E21;E25,D:\PSPS\runs_A_k4_3od_x0.8_pm01k0\none_seed3\g004_i020,D:\PSPS\runs_A_k4_3od_x0.8_pm01k0\none_seed3\g004_i020\tripinfo.xml
4,21,4,237.2725,E16;E25;E6;E8,D:\PSPS\runs_A_k4_3od_x0.8_pm01k0\none_seed3\g004_i021,D:\PSPS\runs_A_k4_3od_x0.8_pm01k0\none_seed3\g004_i021\tripinfo.xml
4,22,4,222.87375,E1;E21;E6;E7,D:\PSPS\runs_A_k4_3od_x0.8_pm01k0\none_seed3\g004_i022,D:\PSPS\runs_A_k4_3od_x0.8_pm01k0\none_seed3\g004_i022\tripinfo.xml
4,23,4,245.35125,E11;E15;E25;E36,D:\PSPS\runs_A_k4_3od_x0.8_pm01k0\none_seed3\g004_i023,D:\PSPS\runs_A_k4_3od_x0.8_pm01k0\none_seed3\g004_i023\tripinfo.xml
5,0,4,204.80375,E11;E20;E21;E41,D:\PSPS\runs_A_k4_3od_x0.8_pm01k0\none_seed3\g005_i000,D:\PSPS\runs_A_k4_3od_x0.8_pm01k0\none_seed3\g005_i000\tripinfo.xml
5,1,4,246.73125,E25;E30;E45;E6,D:\PSPS\runs_A_k4_3od_x0.8_pm01k0\none_seed3\g005_i001,D:\PSPS\runs_A_k4_3od_x0.8_pm01k0\none_seed3\g005_i001\tripinfo.xml
5,2,4,255.92375,E11;E13;E21;E35,D:\PSPS\runs_A_k4_3od_x0.8_pm01k0\none_seed3\g005_i002,D:\PSPS\runs_A_k4_3od_x0.8_pm01k0\none_seed3\g005_i002\tripinfo.xml
5,3,4,230.9025,E1;E17;E21;E34,D:\PSPS\runs_A_k4_3od_x0.8_pm01k0\none_seed3\g005_i003,D:\PSPS\runs_A_k4_3od_x0.8_pm01k0\none_seed3\g005_i003\tripinfo.xml
5,4,4,215.65125,E20;E21;E38;E7,D:\PSPS\runs_A_k4_3od_x0.8_pm01k0\none_seed3\g005_i004,D:\PSPS\runs_A_k4_3od_x0.8_pm01k0\none_seed3\g005_i004\tripinfo.xml
5,5,4,235.32375,E11;E21;E36;E4,D:\PSPS\runs_A_k4_3od_x0.8_pm01k0\none_seed3\g005_i005,D:\PSPS\runs_A_k4_3od_x0.8_pm01k0\none_seed3\g005_i005\tripinfo.xml
5,6,4,234.29875,E13;E25;E30;E41,D:\PSPS\runs_A_k4_3od_x0.8_pm01k0\none_seed3\g005_i006,D:\PSPS\runs_A_k4_3od_x0.8_pm01k0\none_seed3\g005_i006\tripinfo.xml
5,7,4,228.43,E27;E31;E38;E45,D:\PSPS\runs_A_k4_3od_x0.8_pm01k0\none_seed3\g005_i007,D:\PSPS\runs_A_k4_3od_x0.8_pm01k0\none_seed3\g005_i007\tripinfo.xml
5,8,4,251.485,E10;E21;E22;E27,D:\PSPS\runs_A_k4_3od_x0.8_pm01k0\none_seed3\g005_i008,D:\PSPS\runs_A_k4_3od_x0.8_pm01k0\none_seed3\g005_i008\tripinfo.xml
5,9,4,221.2825,E1;E10;E21;E6,D:\PSPS\runs_A_k4_3od_x0.8_pm01k0\none_seed3\g005_i009,D:\PSPS\runs_A_k4_3od_x0.8_pm01k0\none_seed3\g005_i009\tripinfo.xml
5,10,4,238.88625,E1;E26;E34;E41,D:\PSPS\runs_A_k4_3od_x0.8_pm01k0\none_seed3\g005_i010,D:\PSPS\runs_A_k4_3od_x0.8_pm01k0\none_seed3\g005_i010\tripinfo.xml
5,11,4,237.88875,E16;E19;E36;E37,D:\PSPS\runs_A_k4_3od_x0.8_pm01k0\none_seed3\g005_i011,D:\PSPS\runs_A_k4_3od_x0.8_pm01k0\none_seed3\g005_i011\tripinfo.xml
5,12,4,225.2725,E1;E19;E6;E7,D:\PSPS\runs_A_k4_3od_x0.8_pm01k0\none_seed3\g005_i012,D:\PSPS\runs_A_k4_3od_x0.8_pm01k0\none_seed3\g005_i012\tripinfo.xml
5,13,4,241.32625,E23;E24;E25;E4,D:\PSPS\runs_A_k4_3od_x0.8_pm01k0\none_seed3\g005_i013,D:\PSPS\runs_A_k4_3od_x0.8_pm01k0\none_seed3\g005_i013\tripinfo.xml
5,14,4,220.29375,E15;E21;E23;E24,D:\PSPS\runs_A_k4_3od_x0.8_pm01k0\none_seed3\g005_i014,D:\PSPS\runs_A_k4_3od_x0.8_pm01k0\none_seed3\g005_i014\tripinfo.xml
5,15,4,236.9675,E1;E13;E24;E26,D:\PSPS\runs_A_k4_3od_x0.8_pm01k0\none_seed3\g005_i015,D:\PSPS\runs_A_k4_3od_x0.8_pm01k0\none_seed3\g005_i015\tripinfo.xml
5,16,4,240.92,E24;E26;E38;E42,D:\PSPS\runs_A_k4_3od_x0.8_pm01k0\none_seed3\g005_i016,D:\PSPS\runs_A_k4_3od_x0.8_pm01k0\none_seed3\g005_i016\tripinfo.xml
5,17,4,237.64375,E15;E26;E4;E42,D:\PSPS\runs_A_k4_3od_x0.8_pm01k0\none_seed3\g005_i017,D:\PSPS\runs_A_k4_3od_x0.8_pm01k0\none_seed3\g005_i017\tripinfo.xml
5,18,4,208.6675,E20;E21;E23;E27,D:\PSPS\runs_A_k4_3od_x0.8_pm01k0\none_seed3\g005_i018,D:\PSPS\runs_A_k4_3od_x0.8_pm01k0\none_seed3\g005_i018\tripinfo.xml
5,19,4,252.41375,E19;E26;E31;E36,D:\PSPS\runs_A_k4_3od_x0.8_pm01k0\none_seed3\g005_i019,D:\PSPS\runs_A_k4_3od_x0.8_pm01k0\none_seed3\g005_i019\tripinfo.xml
5,20,4,213.99875,E21;E31;E33;E35,D:\PSPS\runs_A_k4_3od_x0.8_pm01k0\none_seed3\g005_i020,D:\PSPS\runs_A_k4_3od_x0.8_pm01k0\none_seed3\g005_i020\tripinfo.xml
5,21,4,241.6075,E15;E17;E37;E41,D:\PSPS\runs_A_k4_3od_x0.8_pm01k0\none_seed3\g005_i021,D:\PSPS\runs_A_k4_3od_x0.8_pm01k0\none_seed3\g005_i021\tripinfo.xml
5,22,4,217.4525,E10;E16;E23;E27,D:\PSPS\runs_A_k4_3od_x0.8_pm01k0\none_seed3\g005_i022,D:\PSPS\runs_A_k4_3od_x0.8_pm01k0\none_seed3\g005_i022\tripinfo.xml
5,23,4,225.1825,E21;E38;E6;E7,D:\PSPS\runs_A_k4_3od_x0.8_pm01k0\none_seed3\g005_i023,D:\PSPS\runs_A_k4_3od_x0.8_pm01k0\none_seed3\g005_i023\tripinfo.xml
6,0,4,204.80375,E11;E20;E21;E41,D:\PSPS\runs_A_k4_3od_x0.8_pm01k0\none_seed3\g006_i000,D:\PSPS\runs_A_k4_3od_x0.8_pm01k0\none_seed3\g006_i000\tripinfo.xml
6,1,4,221.12,E21;E35;E39;E7,D:\PSPS\runs_A_k4_3od_x0.8_pm01k0\none_seed3\g006_i001,D:\PSPS\runs_A_k4_3od_x0.8_pm01k0\none_seed3\g006_i001\tripinfo.xml
6,2,4,219.23875,E20;E38;E6;E7,D:\PSPS\runs_A_k4_3od_x0.8_pm01k0\none_seed3\g006_i002,D:\PSPS\runs_A_k4_3od_x0.8_pm01k0\none_seed3\g006_i002\tripinfo.xml
6,3,4,224.16625,E1;E11;E13;E33,D:\PSPS\runs_A_k4_3od_x0.8_pm01k0\none_seed3\g006_i003,D:\PSPS\runs_A_k4_3od_x0.8_pm01k0\none_seed3\g006_i003\tripinfo.xml
6,4,4,228.00375,E11;E21;E24;E4,D:\PSPS\runs_A_k4_3od_x0.8_pm01k0\none_seed3\g006_i004,D:\PSPS\runs_A_k4_3od_x0.8_pm01k0\none_seed3\g006_i004\tripinfo.xml
6,5,4,224.9075,E20;E30;E41;E7,D:\PSPS\runs_A_k4_3od_x0.8_pm01k0\none_seed3\g006_i005,D:\PSPS\runs_A_k4_3od_x0.8_pm01k0\none_seed3\g006_i005\tripinfo.xml
6,6,4,237.61625,E11;E30;E38;E8,D:\PSPS\runs_A_k4_3od_x0.8_pm01k0\none_seed3\g006_i006,D:\PSPS\runs_A_k4_3od_x0.8_pm01k0\none_seed3\g006_i006\tripinfo.xml
6,7,4,235.355,E13;E19;E27;E8,D:\PSPS\runs_A_k4_3od_x0.8_pm01k0\none_seed3\g006_i007,D:\PSPS\runs_A_k4_3od_x0.8_pm01k0\none_seed3\g006_i007\tripinfo.xml
6,8,4,274.565,E11;E29;E39;E7,D:\PSPS\runs_A_k4_3od_x0.8_pm01k0\none_seed3\g006_i008,D:\PSPS\runs_A_k4_3od_x0.8_pm01k0\none_seed3\g006_i008\tripinfo.xml
6,9,4,247.2775,E31;E34;E35;E37,D:\PSPS\runs_A_k4_3od_x0.8_pm01k0\none_seed3\g006_i009,D:\PSPS\runs_A_k4_3od_x0.8_pm01k0\none_seed3\g006_i009\tripinfo.xml
6,10,4,225.63875,E11;E23;E27;E3,D:\PSPS\runs_A_k4_3od_x0.8_pm01k0\none_seed3\g006_i010,D:\PSPS\runs_A_k4_3od_x0.8_pm01k0\none_seed3\g006_i010\tripinfo.xml
6,11,4,237.96625,E1;E13;E24;E35,D:\PSPS\runs_A_k4_3od_x0.8_pm01k0\none_seed3\g006_i011,D:\PSPS\runs_A_k4_3od_x0.8_pm01k0\none_seed3\g006_i011\tripinfo.xml
6,12,4,228.525,E10;E11;E21;E7,D:\PSPS\runs_A_k4_3od_x0.8_pm01k0\none_seed3\g006_i012,D:\PSPS\runs_A_k4_3od_x0.8_pm01k0\none_seed3\g006_i012\tripinfo.xml
6,13,4,218.29875,E19;E21;E7;E8,D:\PSPS\runs_A_k4_3od_x0.8_pm01k0\none_seed3\g006_i013,D:\PSPS\runs_A_k4_3od_x0.8_pm01k0\none_seed3\g006_i013\tripinfo.xml
6,14,4,233.81375,E11;E24;E4;E7,D:\PSPS\runs_A_k4_3od_x0.8_pm01k0\none_seed3\g006_i014,D:\PSPS\runs_A_k4_3od_x0.8_pm01k0\none_seed3\g006_i014\tripinfo.xml
6,15,4,249.2675,E21;E29;E32;E33,D:\PSPS\runs_A_k4_3od_x0.8_pm01k0\none_seed3\g006_i015,D:\PSPS\runs_A_k4_3od_x0.8_pm01k0\none_seed3\g006_i015\tripinfo.xml
6,16,4,280.04875,E16;E22;E34;E6,D:\PSPS\runs_A_k4_3od_x0.8_pm01k0\none_seed3\g006_i016,D:\PSPS\runs_A_k4_3od_x0.8_pm01k0\none_seed3\g006_i016\tripinfo.xml
6,17,4,188.32625,E14;E21;E27;E42,D:\PSPS\runs_A_k4_3od_x0.8_pm01k0\none_seed3\g006_i017,D:\PSPS\runs_A_k4_3od_x0.8_pm01k0\none_seed3\g006_i017\tripinfo.xml
6,18,4,254.47125,E33;E34;E4;E6,D:\PSPS\runs_A_k4_3od_x0.8_pm01k0\none_seed3\g006_i018,D:\PSPS\runs_A_k4_3od_x0.8_pm01k0\none_seed3\g006_i018\tripinfo.xml
6,19,4,239.81875,E20;E21;E23;E34,D:\PSPS\runs_A_k4_3od_x0.8_pm01k0\none_seed3\g006_i019,D:\PSPS\runs_A_k4_3od_x0.8_pm01k0\none_seed3\g006_i019\tripinfo.xml
6,20,4,228.79625,E20;E25;E27;E45,D:\PSPS\runs_A_k4_3od_x0.8_pm01k0\none_seed3\g006_i020,D:\PSPS\runs_A_k4_3od_x0.8_pm01k0\none_seed3\g006_i020\tripinfo.xml
6,21,4,231.01625,E10;E20;E5;E6,D:\PSPS\runs_A_k4_3od_x0.8_pm01k0\none_seed3\g006_i021,D:\PSPS\runs_A_k4_3od_x0.8_pm01k0\none_seed3\g006_i021\tripinfo.xml
6,22,4,265.87,E10;E36;E43;E45,D:\PSPS\runs_A_k4_3od_x0.8_pm01k0\none_seed3\g006_i022,D:\PSPS\runs_A_k4_3od_x0.8_pm01k0\none_seed3\g006_i022\tripinfo.xml
6,23,4,215.875,E11;E20;E37;E42,D:\PSPS\runs_A_k4_3od_x0.8_pm01k0\none_seed3\g006_i023,D:\PSPS\runs_A_k4_3od_x0.8_pm01k0\none_seed3\g006_i023\tripinfo.xml
7,0,4,188.32625,E14;E21;E27;E42,D:\PSPS\runs_A_k4_3od_x0.8_pm01k0\none_seed3\g007_i000,D:\PSPS\runs_A_k4_3od_x0.8_pm01k0\none_seed3\g007_i000\tripinfo.xml
7,1,4,215.62875,E14;E19;E21;E37,D:\PSPS\runs_A_k4_3od_x0.8_pm01k0\none_seed3\g007_i001,D:\PSPS\runs_A_k4_3od_x0.8_pm01k0\none_seed3\g007_i001\tripinfo.xml
7,2,4,221.07125,E14;E23;E27;E35,D:\PSPS\runs_A_k4_3od_x0.8_pm01k0\none_seed3\g007_i002,D:\PSPS\runs_A_k4_3od_x0.8_pm01k0\none_seed3\g007_i002\tripinfo.xml
7,3,4,237.56125,E1;E11;E15;E7,D:\PSPS\runs_A_k4_3od_x0.8_pm01k0\none_seed3\g007_i003,D:\PSPS\runs_A_k4_3od_x0.8_pm01k0\none_seed3\g007_i003\tripinfo.xml
7,4,4,240.695,E19;E20;E33;E6,D:\PSPS\runs_A_k4_3od_x0.8_pm01k0\none_seed3\g007_i004,D:\PSPS\runs_A_k4_3od_x0.8_pm01k0\none_seed3\g007_i004\tripinfo.xml
7,5,4,231.6625,E14;E3;E35;E7,D:\PSPS\runs_A_k4_3od_x0.8_pm01k0\none_seed3\g007_i005,D:\PSPS\runs_A_k4_3od_x0.8_pm01k0\none_seed3\g007_i005\tripinfo.xml
7,6,4,209.98375,E15;E21;E35;E8,D:\PSPS\runs_A_k4_3od_x0.8_pm01k0\none_seed3\g007_i006,D:\PSPS\runs_A_k4_3od_x0.8_pm01k0\none_seed3\g007_i006\tripinfo.xml
7,7,4,238.58625,E19;E20;E33;E7,D:\PSPS\runs_A_k4_3od_x0.8_pm01k0\none_seed3\g007_i007,D:\PSPS\runs_A_k4_3od_x0.8_pm01k0\none_seed3\g007_i007\tripinfo.xml
7,8,4,219.48,E27;E38;E4;E42,D:\PSPS\runs_A_k4_3od_x0.8_pm01k0\none_seed3\g007_i008,D:\PSPS\runs_A_k4_3od_x0.8_pm01k0\none_seed3\g007_i008\tripinfo.xml
7,9,4,250.36875,E10;E25;E32;E43,D:\PSPS\runs_A_k4_3od_x0.8_pm01k0\none_seed3\g007_i009,D:\PSPS\runs_A_k4_3od_x0.8_pm01k0\none_seed3\g007_i009\tripinfo.xml
7,10,4,244.69625,E13;E14;E26;E42,D:\PSPS\runs_A_k4_3od_x0.8_pm01k0\none_seed3\g007_i010,D:\PSPS\runs_A_k4_3od_x0.8_pm01k0\none_seed3\g007_i010\tripinfo.xml
7,11,4,251.8125,E10;E13;E24;E7,D:\PSPS\runs_A_k4_3od_x0.8_pm01k0\none_seed3\g007_i011,D:\PSPS\runs_A_k4_3od_x0.8_pm01k0\none_seed3\g007_i011\tripinfo.xml
7,12,4,226.7625,E14;E33;E42;E6,D:\PSPS\runs_A_k4_3od_x0.8_pm01k0\none_seed3\g007_i012,D:\PSPS\runs_A_k4_3od_x0.8_pm01k0\none_seed3\g007_i012\tripinfo.xml
7,13,4,250.63875,E21;E26;E29;E8,D:\PSPS\runs_A_k4_3od_x0.8_pm01k0\none_seed3\g007_i013,D:\PSPS\runs_A_k4_3od_x0.8_pm01k0\none_seed3\g007_i013\tripinfo.xml
7,14,4,235.6925,E11;E21;E29;E3,D:\PSPS\runs_A_k4_3od_x0.8_pm01k0\none_seed3\g007_i014,D:\PSPS\runs_A_k4_3od_x0.8_pm01k0\none_seed3\g007_i014\tripinfo.xml
7,15,4,232.62625,E15;E19;E27;E30,D:\PSPS\runs_A_k4_3od_x0.8_pm01k0\none_seed3\g007_i015,D:\PSPS\runs_A_k4_3od_x0.8_pm01k0\none_seed3\g007_i015\tripinfo.xml
7,16,4,214.16625,E11;E20;E21;E3,D:\PSPS\runs_A_k4_3od_x0.8_pm01k0\none_seed3\g007_i016,D:\PSPS\runs_A_k4_3od_x0.8_pm01k0\none_seed3\g007_i016\tripinfo.xml
7,17,4,252.7675,E21;E22;E27;E31,D:\PSPS\runs_A_k4_3od_x0.8_pm01k0\none_seed3\g007_i017,D:\PSPS\runs_A_k4_3od_x0.8_pm01k0\none_seed3\g007_i017\tripinfo.xml
7,18,4,232.1575,E10;E11;E39;E7,D:\PSPS\runs_A_k4_3od_x0.8_pm01k0\none_seed3\g007_i018,D:\PSPS\runs_A_k4_3od_x0.8_pm01k0\none_seed3\g007_i018\tripinfo.xml
7,19,4,231.59625,E1;E19;E30;E38,D:\PSPS\runs_A_k4_3od_x0.8_pm01k0\none_seed3\g007_i019,D:\PSPS\runs_A_k4_3od_x0.8_pm01k0\none_seed3\g007_i019\tripinfo.xml
7,20,4,214.235,E19;E20;E21;E8,D:\PSPS\runs_A_k4_3od_x0.8_pm01k0\none_seed3\g007_i020,D:\PSPS\runs_A_k4_3od_x0.8_pm01k0\none_seed3\g007_i020\tripinfo.xml
7,21,4,241.15625,E15;E21;E25;E34,D:\PSPS\runs_A_k4_3od_x0.8_pm01k0\none_seed3\g007_i021,D:\PSPS\runs_A_k4_3od_x0.8_pm01k0\none_seed3\g007_i021\tripinfo.xml
7,22,4,214.49125,E14;E19;E27;E42,D:\PSPS\runs_A_k4_3od_x0.8_pm01k0\none_seed3\g007_i022,D:\PSPS\runs_A_k4_3od_x0.8_pm01k0\none_seed3\g007_i022\tripinfo.xml
7,23,4,231.98,E11;E20;E31;E38,D:\PSPS\runs_A_k4_3od_x0.8_pm01k0\none_seed3\g007_i023,D:\PSPS\runs_A_k4_3od_x0.8_pm01k0\none_seed3\g007_i023\tripinfo.xml
8,0,4,188.32625,E14;E21;E27;E42,D:\PSPS\runs_A_k4_3od_x0.8_pm01k0\none_seed3\g008_i000,D:\PSPS\runs_A_k4_3od_x0.8_pm01k0\none_seed3\g008_i000\tripinfo.xml
8,1,4,240.14375,E14;E32;E34;E42,D:\PSPS\runs_A_k4_3od_x0.8_pm01k0\none_seed3\g008_i001,D:\PSPS\runs_A_k4_3od_x0.8_pm01k0\none_seed3\g008_i001\tripinfo.xml
8,2,4,229.42875,E13;E16;E21;E27,D:\PSPS\runs_A_k4_3od_x0.8_pm01k0\none_seed3\g008_i002,D:\PSPS\runs_A_k4_3od_x0.8_pm01k0\none_seed3\g008_i002\tripinfo.xml
8,3,4,231.07375,E15;E35;E36;E41,D:\PSPS\runs_A_k4_3od_x0.8_pm01k0\none_seed3\g008_i003,D:\PSPS\runs_A_k4_3od_x0.8_pm01k0\none_seed3\g008_i003\tripinfo.xml
8,4,4,238.5,E1;E23;E4;E43,D:\PSPS\runs_A_k4_3od_x0.8_pm01k0\none_seed3\g008_i004,D:\PSPS\runs_A_k4_3od_x0.8_pm01k0\none_seed3\g008_i004\tripinfo.xml
8,5,4,240.0575,E22;E32;E4;E42,D:\PSPS\runs_A_k4_3od_x0.8_pm01k0\none_seed3\g008_i005,D:\PSPS\runs_A_k4_3od_x0.8_pm01k0\none_seed3\g008_i005\tripinfo.xml
8,6,4,242.8575,E15;E19;E3;E38,D:\PSPS\runs_A_k4_3od_x0.8_pm01k0\none_seed3\g008_i006,D:\PSPS\runs_A_k4_3od_x0.8_pm01k0\none_seed3\g008_i006\tripinfo.xml
8,7,4,266.93,E14;E29;E38;E41,D:\PSPS\runs_A_k4_3od_x0.8_pm01k0\none_seed3\g008_i007,D:\PSPS\runs_A_k4_3od_x0.8_pm01k0\none_seed3\g008_i007\tripinfo.xml
8,8,4,224.385,E27;E33;E41;E6,D:\PSPS\runs_A_k4_3od_x0.8_pm01k0\none_seed3\g008_i008,D:\PSPS\runs_A_k4_3od_x0.8_pm01k0\none_seed3\g008_i008\tripinfo.xml
8,9,4,252.2025,E15;E21;E23;E34,D:\PSPS\runs_A_k4_3od_x0.8_pm01k0\none_seed3\g008_i009,D:\PSPS\runs_A_k4_3od_x0.8_pm01k0\none_seed3\g008_i009\tripinfo.xml
8,10,4,226.25375,E11;E3;E35;E42,D:\PSPS\runs_A_k4_3od_x0.8_pm01k0\none_seed3\g008_i010,D:\PSPS\runs_A_k4_3od_x0.8_pm01k0\none_seed3\g008_i010\tripinfo.xml
8,11,4,198.3475,E16;E20;E21;E42,D:\PSPS\runs_A_k4_3od_x0.8_pm01k0\none_seed3\g008_i011,D:\PSPS\runs_A_k4_3od_x0.8_pm01k0\none_seed3\g008_i011\tripinfo.xml
8,12,4,243.82875,E19;E20;E37;E4,D:\PSPS\runs_A_k4_3od_x0.8_pm01k0\none_seed3\g008_i012,D:\PSPS\runs_A_k4_3od_x0.8_pm01k0\none_seed3\g008_i012\tripinfo.xml
8,13,4,224.51875,E21;E3;E32;E42,D:\PSPS\runs_A_k4_3od_x0.8_pm01k0\none_seed3\g008_i013,D:\PSPS\runs_A_k4_3od_x0.8_pm01k0\none_seed3\g008_i013\tripinfo.xml
8,14,4,235.81625,E14;E21;E3;E6,D:\PSPS\runs_A_k4_3od_x0.8_pm01k0\none_seed3\g008_i014,D:\PSPS\runs_A_k4_3od_x0.8_pm01k0\none_seed3\g008_i014\tripinfo.xml
8,15,4,219.48125,E14;E31;E6;E8,D:\PSPS\runs_A_k4_3od_x0.8_pm01k0\none_seed3\g008_i015,D:\PSPS\runs_A_k4_3od_x0.8_pm01k0\none_seed3\g008_i015\tripinfo.xml
8,16,4,223.5475,E14;E15;E21;E3,D:\PSPS\runs_A_k4_3od_x0.8_pm01k0\none_seed3\g008_i016,D:\PSPS\runs_A_k4_3od_x0.8_pm01k0\none_seed3\g008_i016\tripinfo.xml
8,17,4,254.7175,E14;E38;E39;E6,D:\PSPS\runs_A_k4_3od_x0.8_pm01k0\none_seed3\g008_i017,D:\PSPS\runs_A_k4_3od_x0.8_pm01k0\none_seed3\g008_i017\tripinfo.xml
8,18,4,223.45,E15;E21;E32;E42,D:\PSPS\runs_A_k4_3od_x0.8_pm01k0\none_seed3\g008_i018,D:\PSPS\runs_A_k4_3od_x0.8_pm01k0\none_seed3\g008_i018\tripinfo.xml
8,19,4,228.43,E14;E3;E39;E45,D:\PSPS\runs_A_k4_3od_x0.8_pm01k0\none_seed3\g008_i019,D:\PSPS\runs_A_k4_3od_x0.8_pm01k0\none_seed3\g008_i019\tripinfo.xml
8,20,4,217.19875,E20;E27;E3;E35,D:\PSPS\runs_A_k4_3od_x0.8_pm01k0\none_seed3\g008_i020,D:\PSPS\runs_A_k4_3od_x0.8_pm01k0\none_seed3\g008_i020\tripinfo.xml
8,21,4,232.6075,E13;E21;E26;E36,D:\PSPS\runs_A_k4_3od_x0.8_pm01k0\none_seed3\g008_i021,D:\PSPS\runs_A_k4_3od_x0.8_pm01k0\none_seed3\g008_i021\tripinfo.xml
8,22,4,245.06,E10;E21;E27;E29,D:\PSPS\runs_A_k4_3od_x0.8_pm01k0\none_seed3\g008_i022,D:\PSPS\runs_A_k4_3od_x0.8_pm01k0\none_seed3\g008_i022\tripinfo.xml
8,23,4,221.55,E15;E16;E21;E6,D:\PSPS\runs_A_k4_3od_x0.8_pm01k0\none_seed3\g008_i023,D:\PSPS\runs_A_k4_3od_x0.8_pm01k0\none_seed3\g008_i023\tripinfo.xml
9,0,4,188.32625,E14;E21;E27;E42,D:\PSPS\runs_A_k4_3od_x0.8_pm01k0\none_seed3\g009_i000,D:\PSPS\runs_A_k4_3od_x0.8_pm01k0\none_seed3\g009_i000\tripinfo.xml
9,1,4,255.105,E14;E17;E4;E6,D:\PSPS\runs_A_k4_3od_x0.8_pm01k0\none_seed3\g009_i001,D:\PSPS\runs_A_k4_3od_x0.8_pm01k0\none_seed3\g009_i001\tripinfo.xml
9,2,4,243.24875,E14;E19;E3;E39,D:\PSPS\runs_A_k4_3od_x0.8_pm01k0\none_seed3\g009_i002,D:\PSPS\runs_A_k4_3od_x0.8_pm01k0\none_seed3\g009_i002\tripinfo.xml
9,3,4,209.8275,E14;E21;E35;E41,D:\PSPS\runs_A_k4_3od_x0.8_pm01k0\none_seed3\g009_i003,D:\PSPS\runs_A_k4_3od_x0.8_pm01k0\none_seed3\g009_i003\tripinfo.xml
9,4,4,211.47125,E16;E21;E4;E42,D:\PSPS\runs_A_k4_3od_x0.8_pm01k0\none_seed3\g009_i004,D:\PSPS\runs_A_k4_3od_x0.8_pm01k0\none_seed3\g009_i004\tripinfo.xml
9,5,4,226.54375,E20;E35;E4;E8,D:\PSPS\runs_A_k4_3od_x0.8_pm01k0\none_seed3\g009_i005,D:\PSPS\runs_A_k4_3od_x0.8_pm01k0\none_seed3\g009_i005\tripinfo.xml
9,6,4,243.38625,E14;E21;E24;E26,D:\PSPS\runs_A_k4_3od_x0.8_pm01k0\none_seed3\g009_i006,D:\PSPS\runs_A_k4_3od_x0.8_pm01k0\none_seed3\g009_i006\tripinfo.xml
9,7,4,251.945,E15;E31;E32;E35,D:\PSPS\runs_A_k4_3od_x0.8_pm01k0\none_seed3\g009_i007,D:\PSPS\runs_A_k4_3od_x0.8_pm01k0\none_seed3\g009_i007\tripinfo.xml
9,8,4,234.87,E16;E27;E45;E8,D:\PSPS\runs_A_k4_3od_x0.8_pm01k0\none_seed3\g009_i008,D:\PSPS\runs_A_k4_3od_x0.8_pm01k0\none_seed3\g009_i008\tripinfo.xml
9,9,4,251.5275,E15;E32;E33;E6,D:\PSPS\runs_A_k4_3od_x0.8_pm01k0\none_seed3\g009_i009,D:\PSPS\runs_A_k4_3od_x0.8_pm01k0\none_seed3\g009_i009\tripinfo.xml
9,10,4,211.23875,E19;E21;E27;E4,D:\PSPS\runs_A_k4_3od_x0.8_pm01k0\none_seed3\g009_i010,D:\PSPS\runs_A_k4_3od_x0.8_pm01k0\none_seed3\g009_i010\tripinfo.xml
9,11,4,218.1975,E21;E35;E37;E41,D:\PSPS\runs_A_k4_3od_x0.8_pm01k0\none_seed3\g009_i011,D:\PSPS\runs_A_k4_3od_x0.8_pm01k0\none_seed3\g009_i011\tripinfo.xml
9,12,4,233.41875,E27;E34;E35;E41,D:\PSPS\runs_A_k4_3od_x0.8_pm01k0\none_seed3\g009_i012,D:\PSPS\runs_A_k4_3od_x0.8_pm01k0\none_seed3\g009_i012\tripinfo.xml
9,13,4,224.51875,E21;E3;E32;E42,D:\PSPS\runs_A_k4_3od_x0.8_pm01k0\none_seed3\g009_i013,D:\PSPS\runs_A_k4_3od_x0.8_pm01k0\none_seed3\g009_i013\tripinfo.xml
9,14,4,219.135,E1;E14;E42;E45,D:\PSPS\runs_A_k4_3od_x0.8_pm01k0\none_seed3\g009_i014,D:\PSPS\runs_A_k4_3od_x0.8_pm01k0\none_seed3\g009_i014\tripinfo.xml
9,15,4,212.2675,E16;E21;E27;E6,D:\PSPS\runs_A_k4_3od_x0.8_pm01k0\none_seed3\g009_i015,D:\PSPS\runs_A_k4_3od_x0.8_pm01k0\none_seed3\g009_i015\tripinfo.xml
9,16,4,248.865,E16;E17;E29;E8,D:\PSPS\runs_A_k4_3od_x0.8_pm01k0\none_seed3\g009_i016,D:\PSPS\runs_A_k4_3od_x0.8_pm01k0\none_seed3\g009_i016\tripinfo.xml
9,17,4,217.22875,E14;E23;E32;E42,D:\PSPS\runs_A_k4_3od_x0.8_pm01k0\none_seed3\g009_i017,D:\PSPS\runs_A_k4_3od_x0.8_pm01k0\none_seed3\g009_i017\tripinfo.xml
9,18,4,239.5475,E21;E22;E32;E42,D:\PSPS\runs_A_k4_3od_x0.8_pm01k0\none_seed3\g009_i018,D:\PSPS\runs_A_k4_3od_x0.8_pm01k0\none_seed3\g009_i018\tripinfo.xml
9,19,4,255.00125,E1;E11;E16;E29,D:\PSPS\runs_A_k4_3od_x0.8_pm01k0\none_seed3\g009_i019,D:\PSPS\runs_A_k4_3od_x0.8_pm01k0\none_seed3\g009_i019\tripinfo.xml
9,20,4,234.89625,E14;E3;E38;E5,D:\PSPS\runs_A_k4_3od_x0.8_pm01k0\none_seed3\g009_i020,D:\PSPS\runs_A_k4_3od_x0.8_pm01k0\none_seed3\g009_i020\tripinfo.xml
9,21,4,240.1875,E24;E26;E36;E38,D:\PSPS\runs_A_k4_3od_x0.8_pm01k0\none_seed3\g009_i021,D:\PSPS\runs_A_k4_3od_x0.8_pm01k0\none_seed3\g009_i021\tripinfo.xml
9,22,4,234.865,E16;E21;E29;E33,D:\PSPS\runs_A_k4_3od_x0.8_pm01k0\none_seed3\g009_i022,D:\PSPS\runs_A_k4_3od_x0.8_pm01k0\none_seed3\g009_i022\tripinfo.xml
9,23,4,226.445,E16;E31;E5;E6,D:\PSPS\runs_A_k4_3od_x0.8_pm01k0\none_seed3\g009_i023,D:\PSPS\runs_A_k4_3od_x0.8_pm01k0\none_seed3\g009_i023\tripinfo.xml
10,0,4,188.32625,E14;E21;E27;E42,D:\PSPS\runs_A_k4_3od_x0.8_pm01k0\none_seed3\g010_i000,D:\PSPS\runs_A_k4_3od_x0.8_pm01k0\none_seed3\g010_i000\tripinfo.xml
10,1,4,201.23875,E16;E20;E38;E42,D:\PSPS\runs_A_k4_3od_x0.8_pm01k0\none_seed3\g010_i001,D:\PSPS\runs_A_k4_3od_x0.8_pm01k0\none_seed3\g010_i001\tripinfo.xml
10,2,4,235.3325,E1;E30;E32;E37,D:\PSPS\runs_A_k4_3od_x0.8_pm01k0\none_seed3\g010_i002,D:\PSPS\runs_A_k4_3od_x0.8_pm01k0\none_seed3\g010_i002\tripinfo.xml
10,3,4,230.08375,E11;E14;E38;E42,D:\PSPS\runs_A_k4_3od_x0.8_pm01k0\none_seed3\g010_i003,D:\PSPS\runs_A_k4_3od_x0.8_pm01k0\none_seed3\g010_i003\tripinfo.xml
10,4,4,212.8975,E11;E27;E30;E42,D:\PSPS\runs_A_k4_3od_x0.8_pm01k0\none_seed3\g010_i004,D:\PSPS\runs_A_k4_3od_x0.8_pm01k0\none_seed3\g010_i004\tripinfo.xml
10,5,4,243.625,E33;E34;E37;E45,D:\PSPS\runs_A_k4_3od_x0.8_pm01k0\none_seed3\g010_i005,D:\PSPS\runs_A_k4_3od_x0.8_pm01k0\none_seed3\g010_i005\tripinfo.xml
10,6,4,216.09,E20;E21;E7;E8,D:\PSPS\runs_A_k4_3od_x0.8_pm01k0\none_seed3\g010_i006,D:\PSPS\runs_A_k4_3od_x0.8_pm01k0\none_seed3\g010_i006\tripinfo.xml
10,7,4,222.405,E14;E19;E21;E32,D:\PSPS\runs_A_k4_3od_x0.8_pm01k0\none_seed3\g010_i007,D:\PSPS\runs_A_k4_3od_x0.8_pm01k0\none_seed3\g010_i007\tripinfo.xml
10,8,4,240.71,E26;E27;E32;E37,D:\PSPS\runs_A_k4_3od_x0.8_pm01k0\none_seed3\g010_i008,D:\PSPS\runs_A_k4_3od_x0.8_pm01k0\none_seed3\g010_i008\tripinfo.xml
10,9,4,212.725,E16;E21;E39;E41,D:\PSPS\runs_A_k4_3od_x0.8_pm01k0\none_seed3\g010_i009,D:\PSPS\runs_A_k4_3od_x0.8_pm01k0\none_seed3\g010_i009\tripinfo.xml
10,10,4,217.33125,E21;E26;E37;E42,D:\PSPS\runs_A_k4_3od_x0.8_pm01k0\none_seed3\g010_i010,D:\PSPS\runs_A_k4_3od_x0.8_pm01k0\none_seed3\g010_i010\tripinfo.xml
10,11,4,210.74,E16;E21;E5;E7,D:\PSPS\runs_A_k4_3od_x0.8_pm01k0\none_seed3\g010_i011,D:\PSPS\runs_A_k4_3od_x0.8_pm01k0\none_seed3\g010_i011\tripinfo.xml
10,12,4,217.45,E16;E25;E27;E42,D:\PSPS\runs_A_k4_3od_x0.8_pm01k0\none_seed3\g010_i012,D:\PSPS\runs_A_k4_3od_x0.8_pm01k0\none_seed3\g010_i012\tripinfo.xml
10,13,4,238.7375,E19;E36;E6;E8,D:\PSPS\runs_A_k4_3od_x0.8_pm01k0\none_seed3\g010_i013,D:\PSPS\runs_A_k4_3od_x0.8_pm01k0\none_seed3\g010_i013\tripinfo.xml
10,14,4,258.3,E11;E16;E29;E4,D:\PSPS\runs_A_k4_3od_x0.8_pm01k0\none_seed3\g010_i014,D:\PSPS\runs_A_k4_3od_x0.8_pm01k0\none_seed3\g010_i014\tripinfo.xml
10,15,4,222.86125,E1;E24;E26;E41,D:\PSPS\runs_A_k4_3od_x0.8_pm01k0\none_seed3\g010_i015,D:\PSPS\runs_A_k4_3od_x0.8_pm01k0\none_seed3\g010_i015\tripinfo.xml
10,16,4,210.40625,E21;E27;E3;E41,D:\PSPS\runs_A_k4_3od_x0.8_pm01k0\none_seed3\g010_i016,D:\PSPS\runs_A_k4_3od_x0.8_pm01k0\none_seed3\g010_i016\tripinfo.xml
10,17,4,219.3975,E19;E21;E42;E7,D:\PSPS\runs_A_k4_3od_x0.8_pm01k0\none_seed3\g010_i017,D:\PSPS\runs_A_k4_3od_x0.8_pm01k0\none_seed3\g010_i017\tripinfo.xml
10,18,4,233.6775,E27;E38;E4;E43,D:\PSPS\runs_A_k4_3od_x0.8_pm01k0\none_seed3\g010_i018,D:\PSPS\runs_A_k4_3od_x0.8_pm01k0\none_seed3\g010_i018\tripinfo.xml
10,19,4,233.5625,E19;E21;E37;E45,D:\PSPS\runs_A_k4_3od_x0.8_pm01k0\none_seed3\g010_i019,D:\PSPS\runs_A_k4_3od_x0.8_pm01k0\none_seed3\g010_i019\tripinfo.xml
10,20,4,244.58625,E14;E21;E39;E4,D:\PSPS\runs_A_k4_3od_x0.8_pm01k0\none_seed3\g010_i020,D:\PSPS\runs_A_k4_3od_x0.8_pm01k0\none_seed3\g010_i020\tripinfo.xml
10,21,4,207.48625,E21;E30;E41;E6,D:\PSPS\runs_A_k4_3od_x0.8_pm01k0\none_seed3\g010_i021,D:\PSPS\runs_A_k4_3od_x0.8_pm01k0\none_seed3\g010_i021\tripinfo.xml
10,22,4,209.455,E27;E32;E35;E42,D:\PSPS\runs_A_k4_3od_x0.8_pm01k0\none_seed3\g010_i022,D:\PSPS\runs_A_k4_3od_x0.8_pm01k0\none_seed3\g010_i022\tripinfo.xml
10,23,4,233.9825,E16;E20;E32;E6,D:\PSPS\runs_A_k4_3od_x0.8_pm01k0\none_seed3\g010_i023,D:\PSPS\runs_A_k4_3od_x0.8_pm01k0\none_seed3\g010_i023\tripinfo.xml
11,0,4,188.32625,E14;E21;E27;E42,D:\PSPS\runs_A_k4_3od_x0.8_pm01k0\none_seed3\g011_i000,D:\PSPS\runs_A_k4_3od_x0.8_pm01k0\none_seed3\g011_i000\tripinfo.xml
11,1,4,228.26625,E16;E37;E6;E7,D:\PSPS\runs_A_k4_3od_x0.8_pm01k0\none_seed3\g011_i001,D:\PSPS\runs_A_k4_3od_x0.8_pm01k0\none_seed3\g011_i001\tripinfo.xml
11,2,4,234.70125,E11;E13;E27;E37,D:\PSPS\runs_A_k4_3od_x0.8_pm01k0\none_seed3\g011_i002,D:\PSPS\runs_A_k4_3od_x0.8_pm01k0\none_seed3\g011_i002\tripinfo.xml
11,3,4,223.02625,E10;E11;E20;E42,D:\PSPS\runs_A_k4_3od_x0.8_pm01k0\none_seed3\g011_i003,D:\PSPS\runs_A_k4_3od_x0.8_pm01k0\none_seed3\g011_i003\tripinfo.xml
11,4,4,211.45,E14;E27;E42;E45,D:\PSPS\runs_A_k4_3od_x0.8_pm01k0\none_seed3\g011_i004,D:\PSPS\runs_A_k4_3od_x0.8_pm01k0\none_seed3\g011_i004\tripinfo.xml
11,5,4,249.82875,E10;E15;E24;E30,D:\PSPS\runs_A_k4_3od_x0.8_pm01k0\none_seed3\g011_i005,D:\PSPS\runs_A_k4_3od_x0.8_pm01k0\none_seed3\g011_i005\tripinfo.xml
11,6,4,228.745,E1;E15;E32;E39,D:\PSPS\runs_A_k4_3od_x0.8_pm01k0\none_seed3\g011_i006,D:\PSPS\runs_A_k4_3od_x0.8_pm01k0\none_seed3\g011_i006\tripinfo.xml
11,7,4,233.7675,E20;E21;E31;E34,D:\PSPS\runs_A_k4_3od_x0.8_pm01k0\none_seed3\g011_i007,D:\PSPS\runs_A_k4_3od_x0.8_pm01k0\none_seed3\g011_i007\tripinfo.xml
11,8,4,218.1875,E20;E3;E41;E8,D:\PSPS\runs_A_k4_3od_x0.8_pm01k0\none_seed3\g011_i008,D:\PSPS\runs_A_k4_3od_x0.8_pm01k0\none_seed3\g011_i008\tripinfo.xml
11,9,4,241.16375,E10;E16;E4;E5,D:\PSPS\runs_A_k4_3od_x0.8_pm01k0\none_seed3\g011_i009,D:\PSPS\runs_A_k4_3od_x0.8_pm01k0\none_seed3\g011_i009\tripinfo.xml
11,10,4,218.9325,E1;E30;E42;E8,D:\PSPS\runs_A_k4_3od_x0.8_pm01k0\none_seed3\g011_i010,D:\PSPS\runs_A_k4_3od_x0.8_pm01k0\none_seed3\g011_i010\tripinfo.xml
11,11,4,247.28125,E10;E21;E22;E31,D:\PSPS\runs_A_k4_3od_x0.8_pm01k0\none_seed3\g011_i011,D:\PSPS\runs_A_k4_3od_x0.8_pm01k0\none_seed3\g011_i011\tripinfo.xml
11,12,4,211.42,E21;E23;E4;E42,D:\PSPS\runs_A_k4_3od_x0.8_pm01k0\none_seed3\g011_i012,D:\PSPS\runs_A_k4_3od_x0.8_pm01k0\none_seed3\g011_i012\tripinfo.xml
11,13,4,236.1675,E14;E32;E33;E35,D:\PSPS\runs_A_k4_3od_x0.8_pm01k0\none_seed3\g011_i013,D:\PSPS\runs_A_k4_3od_x0.8_pm01k0\none_seed3\g011_i013\tripinfo.xml
11,14,4,261.34125,E29;E35;E42;E8,D:\PSPS\runs_A_k4_3od_x0.8_pm01k0\none_seed3\g011_i014,D:\PSPS\runs_A_k4_3od_x0.8_pm01k0\none_seed3\g011_i014\tripinfo.xml
11,15,4,235.41125,E16;E21;E22;E42,D:\PSPS\runs_A_k4_3od_x0.8_pm01k0\none_seed3\g011_i015,D:\PSPS\runs_A_k4_3od_x0.8_pm01k0\none_seed3\g011_i015\tripinfo.xml
11,16,4,196.035,E23;E27;E42;E6,D:\PSPS\runs_A_k4_3od_x0.8_pm01k0\none_seed3\g011_i016,D:\PSPS\runs_A_k4_3od_x0.8_pm01k0\none_seed3\g011_i016\tripinfo.xml
11,17,4,222.5225,E23;E24;E6;E7,D:\PSPS\runs_A_k4_3od_x0.8_pm01k0\none_seed3\g011_i017,D:\PSPS\runs_A_k4_3od_x0.8_pm01k0\none_seed3\g011_i017\tripinfo.xml
11,18,4,235.08625,E13;E16;E21;E38,D:\PSPS\runs_A_k4_3od_x0.8_pm01k0\none_seed3\g011_i018,D:\PSPS\runs_A_k4_3od_x0.8_pm01k0\none_seed3\g011_i018\tripinfo.xml
11,19,4,230.69,E31;E35;E39;E41,D:\PSPS\runs_A_k4_3od_x0.8_pm01k0\none_seed3\g011_i019,D:\PSPS\runs_A_k4_3od_x0.8_pm01k0\none_seed3\g011_i019\tripinfo.xml
11,20,4,222.81125,E27;E36;E39;E7,D:\PSPS\runs_A_k4_3od_x0.8_pm01k0\none_seed3\g011_i020,D:\PSPS\runs_A_k4_3od_x0.8_pm01k0\none_seed3\g011_i020\tripinfo.xml
11,21,4,245.645,E20;E31;E38;E43,D:\PSPS\runs_A_k4_3od_x0.8_pm01k0\none_seed3\g011_i021,D:\PSPS\runs_A_k4_3od_x0.8_pm01k0\none_seed3\g011_i021\tripinfo.xml
11,22,4,226.62375,E16;E35;E38;E42,D:\PSPS\runs_A_k4_3od_x0.8_pm01k0\none_seed3\g011_i022,D:\PSPS\runs_A_k4_3od_x0.8_pm01k0\none_seed3\g011_i022\tripinfo.xml
11,23,4,233.525,E11;E21;E37;E39,D:\PSPS\runs_A_k4_3od_x0.8_pm01k0\none_seed3\g011_i023,D:\PSPS\runs_A_k4_3od_x0.8_pm01k0\none_seed3\g011_i023\tripinfo.xml
12,0,4,188.32625,E14;E21;E27;E42,D:\PSPS\runs_A_k4_3od_x0.8_pm01k0\none_seed3\g012_i000,D:\PSPS\runs_A_k4_3od_x0.8_pm01k0\none_seed3\g012_i000\tripinfo.xml
12,1,4,231.6825,E24;E32;E39;E42,D:\PSPS\runs_A_k4_3od_x0.8_pm01k0\none_seed3\g012_i001,D:\PSPS\runs_A_k4_3od_x0.8_pm01k0\none_seed3\g012_i001\tripinfo.xml
12,2,4,224.32375,E14;E35;E41;E42,D:\PSPS\runs_A_k4_3od_x0.8_pm01k0\none_seed3\g012_i002,D:\PSPS\runs_A_k4_3od_x0.8_pm01k0\none_seed3\g012_i002\tripinfo.xml
12,3,4,267.14625,E14;E42;E43;E45,D:\PSPS\runs_A_k4_3od_x0.8_pm01k0\none_seed3\g012_i003,D:\PSPS\runs_A_k4_3od_x0.8_pm01k0\none_seed3\g012_i003\tripinfo.xml
12,4,4,236.54375,E27;E38;E45;E6,D:\PSPS\runs_A_k4_3od_x0.8_pm01k0\none_seed3\g012_i004,D:\PSPS\runs_A_k4_3od_x0.8_pm01k0\none_seed3\g012_i004\tripinfo.xml
12,5,4,237.36125,E13;E16;E39;E6,D:\PSPS\runs_A_k4_3od_x0.8_pm01k0\none_seed3\g012_i005,D:\PSPS\runs_A_k4_3od_x0.8_pm01k0\none_seed3\g012_i005\tripinfo.xml
12,6,4,221.47125,E10;E3;E38;E42,D:\PSPS\runs_A_k4_3od_x0.8_pm01k0\none_seed3\g012_i006,D:\PSPS\runs_A_k4_3od_x0.8_pm01k0\none_seed3\g012_i006\tripinfo.xml
12,7,4,209.71,E21;E33;E42;E6,D:\PSPS\runs_A_k4_3od_x0.8_pm01k0\none_seed3\g012_i007,D:\PSPS\runs_A_k4_3od_x0.8_pm01k0\none_seed3\g012_i007\tripinfo.xml
12,8,4,267.70375,E31;E34;E37;E43,D:\PSPS\runs_A_k4_3od_x0.8_pm01k0\none_seed3\g012_i008,D:\PSPS\runs_A_k4_3od_x0.8_pm01k0\none_seed3\g012_i008\tripinfo.xml
12,9,4,250.5725,E16;E19;E37;E39,D:\PSPS\runs_A_k4_3od_x0.8_pm01k0\none_seed3\g012_i009,D:\PSPS\runs_A_k4_3od_x0.8_pm01k0\none_seed3\g012_i009\tripinfo.xml
12,10,4,244.58125,E14;E16;E42;E43,D:\PSPS\runs_A_k4_3od_x0.8_pm01k0\none_seed3\g012_i010,D:\PSPS\runs_A_k4_3od_x0.8_pm01k0\none_seed3\g012_i010\tripinfo.xml
12,11,4,220.99625,E1;E30;E31;E8,D:\PSPS\runs_A_k4_3od_x0.8_pm01k0\none_seed3\g012_i011,D:\PSPS\runs_A_k4_3od_x0.8_pm01k0\none_seed3\g012_i011\tripinfo.xml
12,12,4,241.80625,E13;E25;E45;E8,D:\PSPS\runs_A_k4_3od_x0.8_pm01k0\none_seed3\g012_i012,D:\PSPS\runs_A_k4_3od_x0.8_pm01k0\none_seed3\g012_i012\tripinfo.xml
12,13,4,244.565,E11;E23;E34;E4,D:\PSPS\runs_A_k4_3od_x0.8_pm01k0\none_seed3\g012_i013,D:\PSPS\runs_A_k4_3od_x0.8_pm01k0\none_seed3\g012_i013\tripinfo.xml
12,14,4,247.33875,E17;E25;E38;E43,D:\PSPS\runs_A_k4_3od_x0.8_pm01k0\none_seed3\g012_i014,D:\PSPS\runs_A_k4_3od_x0.8_pm01k0\none_seed3\g012_i014\tripinfo.xml
12,15,4,235.015,E15;E30;E32;E39,D:\PSPS\runs_A_k4_3od_x0.8_pm01k0\none_seed3\g012_i015,D:\PSPS\runs_A_k4_3od_x0.8_pm01k0\none_seed3\g012_i015\tripinfo.xml
12,16,4,232.6725,E10;E38;E42;E7,D:\PSPS\runs_A_k4_3od_x0.8_pm01k0\none_seed3\g012_i016,D:\PSPS\runs_A_k4_3od_x0.8_pm01k0\none_seed3\g012_i016\tripinfo.xml
12,17,4,240.69875,E14;E3;E42;E7,D:\PSPS\runs_A_k4_3od_x0.8_pm01k0\none_seed3\g012_i017,D:\PSPS\runs_A_k4_3od_x0.8_pm01k0\none_seed3\g012_i017\tripinfo.xml
12,18,4,229.43,E20;E27;E29;E41,D:\PSPS\runs_A_k4_3od_x0.8_pm01k0\none_seed3\g012_i018,D:\PSPS\runs_A_k4_3od_x0.8_pm01k0\none_seed3\g012_i018\tripinfo.xml
12,19,4,225.01,E17;E19;E27;E7,D:\PSPS\runs_A_k4_3od_x0.8_pm01k0\none_seed3\g012_i019,D:\PSPS\runs_A_k4_3od_x0.8_pm01k0\none_seed3\g012_i019\tripinfo.xml
12,20,4,227.58125,E1;E34;E41;E8,D:\PSPS\runs_A_k4_3od_x0.8_pm01k0\none_seed3\g012_i020,D:\PSPS\runs_A_k4_3od_x0.8_pm01k0\none_seed3\g012_i020\tripinfo.xml
12,21,4,252.06625,E14;E29;E3;E5,D:\PSPS\runs_A_k4_3od_x0.8_pm01k0\none_seed3\g012_i021,D:\PSPS\runs_A_k4_3od_x0.8_pm01k0\none_seed3\g012_i021\tripinfo.xml
12,22,4,245.79375,E22;E27;E34;E45,D:\PSPS\runs_A_k4_3od_x0.8_pm01k0\none_seed3\g012_i022,D:\PSPS\runs_A_k4_3od_x0.8_pm01k0\none_seed3\g012_i022\tripinfo.xml
12,23,4,237.685,E23;E26;E39;E6,D:\PSPS\runs_A_k4_3od_x0.8_pm01k0\none_seed3\g012_i023,D:\PSPS\runs_A_k4_3od_x0.8_pm01k0\none_seed3\g012_i023\tripinfo.xml
13,0,4,188.32625,E14;E21;E27;E42,D:\PSPS\runs_A_k4_3od_x0.8_pm01k0\none_seed3\g013_i000,D:\PSPS\runs_A_k4_3od_x0.8_pm01k0\none_seed3\g013_i000\tripinfo.xml
13,1,4,230.17,E10;E16;E42;E8,D:\PSPS\runs_A_k4_3od_x0.8_pm01k0\none_seed3\g013_i001,D:\PSPS\runs_A_k4_3od_x0.8_pm01k0\none_seed3\g013_i001\tripinfo.xml
13,2,4,233.565,E19;E35;E38;E39,D:\PSPS\runs_A_k4_3od_x0.8_pm01k0\none_seed3\g013_i002,D:\PSPS\runs_A_k4_3od_x0.8_pm01k0\none_seed3\g013_i002\tripinfo.xml
13,3,4,230.59,E11;E17;E33;E42,D:\PSPS\runs_A_k4_3od_x0.8_pm01k0\none_seed3\g013_i003,D:\PSPS\runs_A_k4_3od_x0.8_pm01k0\none_seed3\g013_i003\tripinfo.xml
13,4,4,229.66875,E16;E3;E38;E5,D:\PSPS\runs_A_k4_3od_x0.8_pm01k0\none_seed3\g013_i004,D:\PSPS\runs_A_k4_3od_x0.8_pm01k0\none_seed3\g013_i004\tripinfo.xml
13,5,4,208.35875,E20;E21;E23;E31,D:\PSPS\runs_A_k4_3od_x0.8_pm01k0\none_seed3\g013_i005,D:\PSPS\runs_A_k4_3od_x0.8_pm01k0\none_seed3\g013_i005\tripinfo.xml
13,6,4,225.9675,E14;E39;E42;E8,D:\PSPS\runs_A_k4_3od_x0.8_pm01k0\none_seed3\g013_i006,D:\PSPS\runs_A_k4_3od_x0.8_pm01k0\none_seed3\g013_i006\tripinfo.xml
13,7,4,244.5525,E21;E22;E3;E32,D:\PSPS\runs_A_k4_3od_x0.8_pm01k0\none_seed3\g013_i007,D:\PSPS\runs_A_k4_3od_x0.8_pm01k0\none_seed3\g013_i007\tripinfo.xml
13,8,4,216.83875,E14;E16;E41;E42,D:\PSPS\runs_A_k4_3od_x0.8_pm01k0\none_seed3\g013_i008,D:\PSPS\runs_A_k4_3od_x0.8_pm01k0\none_seed3\g013_i008\tripinfo.xml
13,9,4,206.94625,E21;E39;E42;E7,D:\PSPS\runs_A_k4_3od_x0.8_pm01k0\none_seed3\g013_i009,D:\PSPS\runs_A_k4_3od_x0.8_pm01k0\none_seed3\g013_i009\tripinfo.xml
13,10,4,231.83375,E17;E19;E22;E39,D:\PSPS\runs_A_k4_3od_x0.8_pm01k0\none_seed3\g013_i010,D:\PSPS\runs_A_k4_3od_x0.8_pm01k0\none_seed3\g013_i010\tripinfo.xml
13,11,4,225.305,E30;E35;E39;E45,D:\PSPS\runs_A_k4_3od_x0.8_pm01k0\none_seed3\g013_i011,D:\PSPS\runs_A_k4_3od_x0.8_pm01k0\none_seed3\g013_i011\tripinfo.xml
13,12,4,219.82,E14;E17;E19;E27,D:\PSPS\runs_A_k4_3od_x0.8_pm01k0\none_seed3\g013_i012,D:\PSPS\runs_A_k4_3od_x0.8_pm01k0\none_seed3\g013_i012\tripinfo.xml
13,13,4,228.82875,E11;E38;E45;E8,D:\PSPS\runs_A_k4_3od_x0.8_pm01k0\none_seed3\g013_i013,D:\PSPS\runs_A_k4_3od_x0.8_pm01k0\none_seed3\g013_i013\tripinfo.xml
13,14,4,238.34625,E14;E26;E38;E6,D:\PSPS\runs_A_k4_3od_x0.8_pm01k0\none_seed3\g013_i014,D:\PSPS\runs_A_k4_3od_x0.8_pm01k0\none_seed3\g013_i014\tripinfo.xml
13,15,4,216.8625,E1;E25;E3;E8,D:\PSPS\runs_A_k4_3od_x0.8_pm01k0\none_seed3\g013_i015,D:\PSPS\runs_A_k4_3od_x0.8_pm01k0\none_seed3\g013_i015\tripinfo.xml
13,16,4,235.9725,E16;E26;E30;E6,D:\PSPS\runs_A_k4_3od_x0.8_pm01k0\none_seed3\g013_i016,D:\PSPS\runs_A_k4_3od_x0.8_pm01k0\none_seed3\g013_i016\tripinfo.xml
13,17,4,225.51375,E15;E27;E45;E7,D:\PSPS\runs_A_k4_3od_x0.8_pm01k0\none_seed3\g013_i017,D:\PSPS\runs_A_k4_3od_x0.8_pm01k0\none_seed3\g013_i017\tripinfo.xml
13,18,4,223.2075,E14;E20;E27;E32,D:\PSPS\runs_A_k4_3od_x0.8_pm01k0\none_seed3\g013_i018,D:\PSPS\runs_A_k4_3od_x0.8_pm01k0\none_seed3\g013_i018\tripinfo.xml
13,19,4,201.07625,E14;E21;E23;E42,D:\PSPS\runs_A_k4_3od_x0.8_pm01k0\none_seed3\g013_i019,D:\PSPS\runs_A_k4_3od_x0.8_pm01k0\none_seed3\g013_i019\tripinfo.xml
13,20,4,254.77375,E27;E33;E43;E6,D:\PSPS\runs_A_k4_3od_x0.8_pm01k0\none_seed3\g013_i020,D:\PSPS\runs_A_k4_3od_x0.8_pm01k0\none_seed3\g013_i020\tripinfo.xml
13,21,4,231.2725,E13;E23;E30;E42,D:\PSPS\runs_A_k4_3od_x0.8_pm01k0\none_seed3\g013_i021,D:\PSPS\runs_A_k4_3od_x0.8_pm01k0\none_seed3\g013_i021\tripinfo.xml
13,22,4,226.26,E30;E34;E39;E8,D:\PSPS\runs_A_k4_3od_x0.8_pm01k0\none_seed3\g013_i022,D:\PSPS\runs_A_k4_3od_x0.8_pm01k0\none_seed3\g013_i022\tripinfo.xml
13,23,4,211.6825,E14;E20;E21;E25,D:\PSPS\runs_A_k4_3od_x0.8_pm01k0\none_seed3\g013_i023,D:\PSPS\runs_A_k4_3od_x0.8_pm01k0\none_seed3\g013_i023\tripinfo.xml
14,0,4,188.32625,E14;E21;E27;E42,D:\PSPS\runs_A_k4_3od_x0.8_pm01k0\none_seed3\g014_i000,D:\PSPS\runs_A_k4_3od_x0.8_pm01k0\none_seed3\g014_i000\tripinfo.xml
14,1,4,245.16,E14;E26;E27;E32,D:\PSPS\runs_A_k4_3od_x0.8_pm01k0\none_seed3\g014_i001,D:\PSPS\runs_A_k4_3od_x0.8_pm01k0\none_seed3\g014_i001\tripinfo.xml
14,2,4,222.4875,E27;E34;E38;E42,D:\PSPS\runs_A_k4_3od_x0.8_pm01k0\none_seed3\g014_i002,D:\PSPS\runs_A_k4_3od_x0.8_pm01k0\none_seed3\g014_i002\tripinfo.xml
14,3,4,247.30125,E10;E11;E14;E19,D:\PSPS\runs_A_k4_3od_x0.8_pm01k0\none_seed3\g014_i003,D:\PSPS\runs_A_k4_3od_x0.8_pm01k0\none_seed3\g014_i003\tripinfo.xml
14,4,4,241.27875,E14;E23;E25;E45,D:\PSPS\runs_A_k4_3od_x0.8_pm01k0\none_seed3\g014_i004,D:\PSPS\runs_A_k4_3od_x0.8_pm01k0\none_seed3\g014_i004\tripinfo.xml
14,5,4,229.185,E15;E38;E4;E42,D:\PSPS\runs_A_k4_3od_x0.8_pm01k0\none_seed3\g014_i005,D:\PSPS\runs_A_k4_3od_x0.8_pm01k0\none_seed3\g014_i005\tripinfo.xml
14,6,4,232.8325,E23;E25;E32;E5,D:\PSPS\runs_A_k4_3od_x0.8_pm01k0\none_seed3\g014_i006,D:\PSPS\runs_A_k4_3od_x0.8_pm01k0\none_seed3\g014_i006\tripinfo.xml
14,7,4,228.14,E25;E38;E41;E42,D:\PSPS\runs_A_k4_3od_x0.8_pm01k0\none_seed3\g014_i007,D:\PSPS\runs_A_k4_3od_x0.8_pm01k0\none_seed3\g014_i007\tripinfo.xml
14,8,4,220.16125,E21;E25;E38;E39,D:\PSPS\runs_A_k4_3od_x0.8_pm01k0\none_seed3\g014_i008,D:\PSPS\runs_A_k4_3od_x0.8_pm01k0\none_seed3\g014_i008\tripinfo.xml
14,9,4,228.89,E14;E20;E23;E32,D:\PSPS\runs_A_k4_3od_x0.8_pm01k0\none_seed3\g014_i009,D:\PSPS\runs_A_k4_3od_x0.8_pm01k0\none_seed3\g014_i009\tripinfo.xml
14,10,4,226.75,E14;E16;E39;E42,D:\PSPS\runs_A_k4_3od_x0.8_pm01k0\none_seed3\g014_i010,D:\PSPS\runs_A_k4_3od_x0.8_pm01k0\none_seed3\g014_i010\tripinfo.xml
14,11,4,242.56375,E27;E42;E43;E45,D:\PSPS\runs_A_k4_3od_x0.8_pm01k0\none_seed3\g014_i011,D:\PSPS\runs_A_k4_3od_x0.8_pm01k0\none_seed3\g014_i011\tripinfo.xml
14,12,4,249.7875,E21;E29;E32;E7,D:\PSPS\runs_A_k4_3od_x0.8_pm01k0\none_seed3\g014_i012,D:\PSPS\runs_A_k4_3od_x0.8_pm01k0\none_seed3\g014_i012\tripinfo.xml
14,13,4,238.59625,E10;E17;E19;E31,D:\PSPS\runs_A_k4_3od_x0.8_pm01k0\none_seed3\g014_i013,D:\PSPS\runs_A_k4_3od_x0.8_pm01k0\none_seed3\g014_i013\tripinfo.xml
14,14,4,217.35625,E1;E11;E21;E23,D:\PSPS\runs_A_k4_3od_x0.8_pm01k0\none_seed3\g014_i014,D:\PSPS\runs_A_k4_3od_x0.8_pm01k0\none_seed3\g014_i014\tripinfo.xml
14,15,4,254.10125,E10;E16;E22;E39,D:\PSPS\runs_A_k4_3od_x0.8_pm01k0\none_seed3\g014_i015,D:\PSPS\runs_A_k4_3od_x0.8_pm01k0\none_seed3\g014_i015\tripinfo.xml
14,16,4,245.81625,E21;E4;E43;E7,D:\PSPS\runs_A_k4_3od_x0.8_pm01k0\none_seed3\g014_i016,D:\PSPS\runs_A_k4_3od_x0.8_pm01k0\none_seed3\g014_i016\tripinfo.xml
14,17,4,256.4425,E11;E22;E39;E45,D:\PSPS\runs_A_k4_3od_x0.8_pm01k0\none_seed3\g014_i017,D:\PSPS\runs_A_k4_3od_x0.8_pm01k0\none_seed3\g014_i017\tripinfo.xml
14,18,4,231.82875,E30;E39;E45;E5,D:\PSPS\runs_A_k4_3od_x0.8_pm01k0\none_seed3\g014_i018,D:\PSPS\runs_A_k4_3od_x0.8_pm01k0\none_seed3\g014_i018\tripinfo.xml
14,19,4,227.195,E14;E16;E17;E38,D:\PSPS\runs_A_k4_3od_x0.8_pm01k0\none_seed3\g014_i019,D:\PSPS\runs_A_k4_3od_x0.8_pm01k0\none_seed3\g014_i019\tripinfo.xml
14,20,4,292.7475,E25;E27;E29;E42,D:\PSPS\runs_A_k4_3od_x0.8_pm01k0\none_seed3\g014_i020,D:\PSPS\runs_A_k4_3od_x0.8_pm01k0\none_seed3\g014_i020\tripinfo.xml
14,21,4,226.3925,E17;E20;E21;E4,D:\PSPS\runs_A_k4_3od_x0.8_pm01k0\none_seed3\g014_i021,D:\PSPS\runs_A_k4_3od_x0.8_pm01k0\none_seed3\g014_i021\tripinfo.xml
14,22,4,231.625,E20;E22;E42;E45,D:\PSPS\runs_A_k4_3od_x0.8_pm01k0\none_seed3\g014_i022,D:\PSPS\runs_A_k4_3od_x0.8_pm01k0\none_seed3\g014_i022\tripinfo.xml
14,23,4,221.84,E16;E39;E42;E7,D:\PSPS\runs_A_k4_3od_x0.8_pm01k0\none_seed3\g014_i023,D:\PSPS\runs_A_k4_3od_x0.8_pm01k0\none_seed3\g014_i023\tripinfo.xml
15,0,4,188.32625,E14;E21;E27;E42,D:\PSPS\runs_A_k4_3od_x0.8_pm01k0\none_seed3\g015_i000,D:\PSPS\runs_A_k4_3od_x0.8_pm01k0\none_seed3\g015_i000\tripinfo.xml
15,1,4,240.065,E14;E23;E3;E32,D:\PSPS\runs_A_k4_3od_x0.8_pm01k0\none_seed3\g015_i001,D:\PSPS\runs_A_k4_3od_x0.8_pm01k0\none_seed3\g015_i001\tripinfo.xml
15,2,4,242.91125,E1;E13;E20;E22,D:\PSPS\runs_A_k4_3od_x0.8_pm01k0\none_seed3\g015_i002,D:\PSPS\runs_A_k4_3od_x0.8_pm01k0\none_seed3\g015_i002\tripinfo.xml
15,3,4,227.63625,E19;E30;E38;E4,D:\PSPS\runs_A_k4_3od_x0.8_pm01k0\none_seed3\g015_i003,D:\PSPS\runs_A_k4_3od_x0.8_pm01k0\none_seed3\g015_i003\tripinfo.xml
15,4,4,238.935,E35;E39;E41;E43,D:\PSPS\runs_A_k4_3od_x0.8_pm01k0\none_seed3\g015_i004,D:\PSPS\runs_A_k4_3od_x0.8_pm01k0\none_seed3\g015_i004\tripinfo.xml
15,5,4,214.19875,E21;E25;E27;E43,D:\PSPS\runs_A_k4_3od_x0.8_pm01k0\none_seed3\g015_i005,D:\PSPS\runs_A_k4_3od_x0.8_pm01k0\none_seed3\g015_i005\tripinfo.xml
15,6,4,242.79375,E17;E19;E26;E42,D:\PSPS\runs_A_k4_3od_x0.8_pm01k0\none_seed3\g015_i006,D:\PSPS\runs_A_k4_3od_x0.8_pm01k0\none_seed3\g015_i006\tripinfo.xml
15,7,4,228.64375,E1;E10;E15;E17,D:\PSPS\runs_A_k4_3od_x0.8_pm01k0\none_seed3\g015_i007,D:\PSPS\runs_A_k4_3od_x0.8_pm01k0\none_seed3\g015_i007\tripinfo.xml
15,8,4,250.28625,E19;E38;E43;E7,D:\PSPS\runs_A_k4_3od_x0.8_pm01k0\none_seed3\g015_i008,D:\PSPS\runs_A_k4_3od_x0.8_pm01k0\none_seed3\g015_i008\tripinfo.xml
15,9,4,211.395,E17;E21;E25;E6,D:\PSPS\runs_A_k4_3od_x0.8_pm01k0\none_seed3\g015_i009,D:\PSPS\runs_A_k4_3od_x0.8_pm01k0\none_seed3\g015_i009\tripinfo.xml
15,10,4,204.8725,E1;E21;E41;E6,D:\PSPS\runs_A_k4_3od_x0.8_pm01k0\none_seed3\g015_i010,D:\PSPS\runs_A_k4_3od_x0.8_pm01k0\none_seed3\g015_i010\tripinfo.xml
15,11,4,202.07875,E20;E21;E23;E30,D:\PSPS\runs_A_k4_3od_x0.8_pm01k0\none_seed3\g015_i011,D:\PSPS\runs_A_k4_3od_x0.8_pm01k0\none_seed3\g015_i011\tripinfo.xml
15,12,4,235.85375,E21;E22;E26;E5,D:\PSPS\runs_A_k4_3od_x0.8_pm01k0\none_seed3\g015_i012,D:\PSPS\runs_A_k4_3od_x0.8_pm01k0\none_seed3\g015_i012\tripinfo.xml
15,13,4,226.75,E15;E16;E39;E42,D:\PSPS\runs_A_k4_3od_x0.8_pm01k0\none_seed3\g015_i013,D:\PSPS\runs_A_k4_3od_x0.8_pm01k0\none_seed3\g015_i013\tripinfo.xml
15,14,4,229.30125,E16;E39;E42;E6,D:\PSPS\runs_A_k4_3od_x0.8_pm01k0\none_seed3\g015_i014,D:\PSPS\runs_A_k4_3od_x0.8_pm01k0\none_seed3\g015_i014\tripinfo.xml
15,15,4,227.75125,E14;E19;E29;E42,D:\PSPS\runs_A_k4_3od_x0.8_pm01k0\none_seed3\g015_i015,D:\PSPS\runs_A_k4_3od_x0.8_pm01k0\none_seed3\g015_i015\tripinfo.xml
15,16,4,230.6,E16;E20;E39;E6,D:\PSPS\runs_A_k4_3od_x0.8_pm01k0\none_seed3\g015_i016,D:\PSPS\runs_A_k4_3od_x0.8_pm01k0\none_seed3\g015_i016\tripinfo.xml
15,17,4,227.38625,E13;E34;E38;E42,D:\PSPS\runs_A_k4_3od_x0.8_pm01k0\none_seed3\g015_i017,D:\PSPS\runs_A_k4_3od_x0.8_pm01k0\none_seed3\g015_i017\tripinfo.xml
15,18,4,225.19875,E11;E21;E26;E7,D:\PSPS\runs_A_k4_3od_x0.8_pm01k0\none_seed3\g015_i018,D:\PSPS\runs_A_k4_3od_x0.8_pm01k0\none_seed3\g015_i018\tripinfo.xml
15,19,4,212.23375,E21;E3;E35;E36,D:\PSPS\runs_A_k4_3od_x0.8_pm01k0\none_seed3\g015_i019,D:\PSPS\runs_A_k4_3od_x0.8_pm01k0\none_seed3\g015_i019\tripinfo.xml
15,20,4,234.0775,E11;E24;E31;E7,D:\PSPS\runs_A_k4_3od_x0.8_pm01k0\none_seed3\g015_i020,D:\PSPS\runs_A_k4_3od_x0.8_pm01k0\none_seed3\g015_i020\tripinfo.xml
15,21,4,243.5225,E19;E23;E7;E8,D:\PSPS\runs_A_k4_3od_x0.8_pm01k0\none_seed3\g015_i021,D:\PSPS\runs_A_k4_3od_x0.8_pm01k0\none_seed3\g015_i021\tripinfo.xml
15,22,4,227.97875,E1;E11;E3;E6,D:\PSPS\runs_A_k4_3od_x0.8_pm01k0\none_seed3\g015_i022,D:\PSPS\runs_A_k4_3od_x0.8_pm01k0\none_seed3\g015_i022\tripinfo.xml
15,23,4,219.3575,E19;E21;E23;E6,D:\PSPS\runs_A_k4_3od_x0.8_pm01k0\none_seed3\g015_i023,D:\PSPS\runs_A_k4_3od_x0.8_pm01k0\none_seed3\g015_i023\tripinfo.xml
